11
10 1
-9553 2129 -6530 -2786 3586 707 -9655 1959 5865 3117
10 2
4752 -546 99 -3908 -5430 -8902 1397 -2282 -4141 -1008
10 3
-3090 -1827 -2116 -502 -2040 -6073 1672 5305 9421 8975
10 4
-417 693 9366 -1415 7016 7755 -3964 -9870 5662 -3151
10 5
4849 -6292 6517 -4375 -6889 3512 4905 -8877 -8254 7823
10 6
6657 5762 1319 9496 2328 -8443 -2587 -540 -2573 4766
10 7
-673 -5810 -997 -6726 -7881 2696 25 3065 -3965 1006
10 8
1072 -4067 1827 5796 7848 3721 9434 8667 9692 -3150
10 9
2256 8081 2914 -3604 7558 -6682 3708 -7374 -4782 -2191
10 10
-3697 -8835 9204 -2293 1909 5270 7736 -8027 9100 -2160
10 10
-3697 -8835 9204 -2293 1909 5270 7736 -8027 9100 9100